0,0
1,1
2,2
3,3
4,4
5,5
6,6
7,7
8,8
9,9
10,10
11,11
12,12
13,13
14,14
15,15
16,16
17,17
18,18
19,19
20,20
21,21
22,22
23,23
24,24
25,25
26,26
27,27
28,28
29,29
30,30
31,31
32,32
33,33
34,34
35,35
36,36
37,37
38,38
39,39
40,40
41,41
42,42
43,43
44,44
45,45
46,46
47,47
48,48
49,49
50,50
51,51
52,52
53,53
54,54
55,55
56,56
57,57
58,58
59,59
60,60
61,61
62,62
63,63
64,64
65,65
66,66
67,67
68,68
69,69
70,70
71,71
72,72
73,73
74,74
75,75
76,76
77,77
78,78
79,79
80,80
81,81
82,82
83,83
84,84
85,85
86,86
87,87
88,88
89,89
90,90
91,91
92,92
93,93
94,94
95,95
96,96
97,97
98,98
99,99
100,100
101,101
102,102
103,103
104,104
105,105
106,106
107,107
108,108
109,109
110,110
111,111
112,112
113,113
114,114
115,115
116,116
117,117
118,118
119,119
120,120
121,121
122,122
123,123
124,124
125,125
126,126
127,127
128,128
129,129
130,130
131,131
132,132
133,133
134,134
135,135
136,136
137,137
138,138
139,139
140,140
141,141
142,142
143,143
144,144
145,145
146,146
147,147
148,148
149,149
150,150
151,151
152,152
153,153
154,154
155,155
156,156
157,157
158,158
159,159
160,160
161,161
162,162
163,163
164,164
165,165
166,166
167,167
168,168
169,169
170,170
171,171
172,172
173,173
174,174
175,175
176,176
177,177
178,178
179,179
180,180
181,181
182,182
183,183
184,184
185,185
186,186
187,187
188,188
189,189
190,190
191,191
192,192
193,193
194,194
195,195
196,196
197,197
198,198
199,199
200,200
201,201
202,202
203,203
204,204
205,205
206,206
207,207
208,208
209,209
210,210
211,211
212,212
213,213
214,214
215,215
216,216
217,217
218,218
219,219
220,220
221,221
222,222
223,223
224,224
225,225
226,226
227,227
228,228
229,229
230,230
231,231
232,232
233,233
234,234
235,235
236,236
237,237
238,238
239,239
240,240
241,241
242,242
243,243
244,244
245,245
246,246
247,247
248,248
249,249
250,250
251,251
252,252
253,253
254,254
255,255
256,256
257,257
258,258
259,259
260,260
261,261
262,262
263,263
264,264
265,265
266,266
267,267
268,268
269,269
270,270
271,271
272,272
273,273
274,274
275,275
276,276
277,277
278,278
279,279
280,280
281,281
282,282
283,283
284,284
285,285
286,286
287,287
288,288
289,289
290,290
291,291
292,292
293,293
294,294
295,295
296,296
297,297
298,298
299,299
300,300
301,301
302,302
303,303
304,304
305,305
306,306
307,307
308,308
309,309
310,310
311,311
312,312
313,313
314,314
315,315
316,316
317,317
318,318
319,319
320,320
321,321
322,322
323,323
324,324
325,325
326,326
327,327
328,328
329,329
330,330
331,331
332,332
333,333
334,334
335,335
336,336
337,337
338,338
339,339
340,340
341,341
342,342
343,343
344,344
345,345
346,346
347,347
348,348
349,349
350,350
351,351
352,352
353,353
354,354
355,355
356,356
357,357
358,358
359,359
360,360
361,361
362,362
363,363
364,364
365,365
366,366
367,367
368,368
369,369
370,370
371,371
372,372
373,373
374,374
375,375
376,376
377,377
378,378
379,379
380,380
381,381
382,382
383,383
384,384
385,385
386,386
387,387
388,388
389,389
390,390
391,391
392,392
393,393
394,394
395,395
396,396
397,397
398,398
399,399
400,400
401,401
402,402
403,403
404,404
405,405
406,406
407,407
408,408
409,409
410,410
411,411
412,412
413,413
414,414
415,415
416,416
417,417
418,418
419,419
420,420
421,421
422,422
423,423
424,424
425,425
426,426
427,427
428,428
429,429
430,430
431,431
432,432
433,433
434,434
435,435
436,436
437,437
438,438
439,439
440,440
441,441
442,442
443,443
444,444
445,445
446,446
447,447
448,448
449,449
450,450
451,451
452,452
453,453
454,454
455,455
456,456
457,457
458,458
459,459
460,460
461,461
462,462
463,463
464,464
465,465
466,466
467,467
468,468
469,469
470,470
471,471
472,472
473,473
474,474
475,475
476,476
477,477
478,478
479,479
480,480
481,481
482,482
483,483
484,484
485,485
486,486
487,487
488,488
489,489
490,490
491,491
492,492
493,493
494,494
495,495
496,496
497,497
498,498
499,499
500,500
501,501
502,502
503,503
504,504
505,505
506,506
507,507
508,508
509,509
510,510
511,511
512,512
513,513
514,514
515,515
516,516
517,517
518,518
519,519
520,520
521,521
522,522
523,523
524,524
525,525
526,526
527,527
528,528
529,529
530,530
531,531
532,532
533,533
534,534
535,535
536,536
537,537
538,538
539,539
540,540
541,541
542,542
543,543
544,544
545,545
546,546
547,547
548,548
549,549
550,550
551,551
552,552
553,553
554,554
555,555
556,556
557,557
558,558
559,559
560,560
561,561
562,562
563,563
564,564
565,565
566,566
567,567
568,568
569,569
570,570
571,571
572,572
573,573
574,574
575,575
576,576
577,577
578,578
579,579
580,580
581,581
582,582
583,583
584,584
585,585
586,586
587,587
588,588
589,589
590,590
591,591
592,592
593,593
594,594
595,595
596,596
597,597
598,598
599,599
600,600
601,601
602,602
603,603
604,604
605,605
606,606
607,607
608,608
609,609
610,610
611,611
612,612
613,613
614,614
615,615
616,616
617,617
618,618
619,619
620,620
621,621
622,622
623,623
624,624
625,625
626,626
627,627
628,628
629,629
630,630
631,631
632,632
633,633
634,634
635,635
636,636
637,637
638,638
639,639
640,640
641,641
642,642
643,643
644,644
645,645
646,646
647,647
648,648
649,649
650,650
651,651
652,652
653,653
654,654
655,655
656,656
657,657
658,658
659,659
660,660
661,661
662,662
663,663
664,664
665,665
666,666
667,667
668,668
669,669
670,670
671,671
672,672
673,673
674,674
675,675
676,676
677,677
678,678
679,679
680,680
681,681
682,682
683,683
684,684
685,685
686,686
687,687
688,688
689,689
690,690
691,691
692,692
693,693
694,694
695,695
696,696
697,697
698,698
699,699
700,700
701,701
702,702
703,703
704,704
705,705
706,706
707,707
708,708
709,709
710,710
711,711
712,712
713,713
714,714
715,715
716,716
717,717
718,718
719,719
720,720
721,721
722,722
723,723
724,724
725,725
726,726
727,727
728,728
729,729
730,730
731,731
732,732
733,733
734,734
735,735
736,736
737,737
738,738
739,739
740,740
741,741
742,742
743,743
744,744
745,745
746,746
747,747
748,748
749,749
750,750
751,751
752,752
753,753
754,754
755,755
756,756
757,757
758,758
759,759
760,760
761,761
762,762
763,763
764,764
765,765
766,766
767,767
768,768
769,769
770,770
771,771
772,772
773,773
774,774
775,775
776,776
777,777
778,778
779,779
780,780
781,781
782,782
783,783
784,784
785,785
786,786
787,787
788,788
789,789
790,790
791,791
792,792
793,793
794,794
795,795
796,796
797,797
798,798
799,799
800,800
801,801
802,802
803,803
804,804
805,805
806,806
807,807
808,808
809,809
810,810
811,811
812,812
813,813
814,814
815,815
816,816
817,817
818,818
819,819
820,820
821,821
822,822
823,823
824,824
825,825
826,826
827,827
828,828
829,829
830,830
831,831
832,832
833,833
834,834
835,835
836,836
837,837
838,838
839,839
840,840
841,841
842,842
843,843
844,844
845,845
846,846
847,847
848,848
849,849
850,850
851,851
852,852
853,853
854,854
855,855
856,856
857,857
858,858
859,859
860,860
861,861
862,862
863,863
864,864
865,865
866,866
867,867
868,868
869,869
870,870
871,871
872,872
873,873
874,874
875,875
876,876
877,877
878,878
879,879
880,880
881,881
882,882
883,883
884,884
885,885
886,886
887,887
888,888
889,889
890,890
891,891
892,892
893,893
894,894
895,895
896,896
897,897
898,898
899,899
900,900
901,901
902,902
903,903
904,904
905,905
906,906
907,907
908,908
909,909
910,910
911,911
912,912
913,913
914,914
915,915
916,916
917,917
918,918
919,919
920,920
921,921
922,922
923,923
924,924
925,925
926,926
927,927
928,928
929,929
930,930
931,931
932,932
933,933
934,934
935,935
936,936
937,937
938,938
939,939
940,940
941,941
942,942
943,943
944,944
945,945
946,946
947,947
948,948
949,949
950,950
951,951
952,952
953,953
954,954
955,955
956,956
957,957
958,958
959,959
960,960
961,961
962,962
963,963
964,964
965,965
966,966
967,967
968,968
969,969
970,970
971,971
972,972
973,973
974,974
975,975
976,976
977,977
978,978
979,979
980,980
981,981
982,982
983,983
984,984
985,985
986,986
987,987
988,988
989,989
990,990
991,991
992,992
993,993
994,994
995,995
996,996
997,997
998,998
999,999
1000,1000
1001,1001
1002,1002
1003,1003
1004,1004
1005,1005
1006,1006
1007,1007
1008,1008
1009,1009
1010,1010
1011,1011
1012,1012
1013,1013
1014,1014
1015,1015
1016,1016
1017,1017
1018,1018
1019,1019
1020,1020
1021,1021
1022,1022
1023,1023

0,56,0.010002
0,64,0.041569
0,70,0.191345
0,128,0.120076
0,158,0.137864
0,168,0.062550
0,380,0.021291
0,388,0.172928
0,399,0.173031
0,416,0.234326
0,465,0.102040
0,520,0.134660
0,525,0.209432
0,528,0.018297
0,554,0.022831
0,556,0.137128
0,677,0.171076
0,710,0.011848
0,786,0.102020
0,880,0.026042
0,947,0.110197
1,18,0.174825
1,64,0.151354
1,256,0.233305
1,273,0.213080
1,280,0.136463
1,301,0.032072
1,440,0.166941
1,512,0.109840
1,535,0.178286
1,550,0.228477
1,579,0.192928
1,596,0.072989
1,640,0.021391
1,648,0.186660
1,843,0.088776
1,923,0.161833
2,15,0.191539
2,54,0.247849
2,69,0.097681
2,133,0.069289
2,178,0.245812
2,276,0.183438
2,349,0.190805
2,392,0.166364
2,725,0.027445
2,729,0.161592
2,775,0.222330
2,806,0.075450
2,834,0.114739
2,958,0.193959
3,85,0.124656
3,88,0.067066
3,105,0.075978
3,144,0.096224
3,245,0.049962
3,272,0.126764
3,288,0.225438
3,310,0.228210
3,575,0.024535
3,690,0.227117
4,6,0.131085
4,130,0.133910
4,258,0.086568
4,288,0.246794
4,292,0.128554
4,460,0.073875
4,490,0.031776
4,582,0.237463
4,592,0.027700
4,653,0.130170
4,848,0.102194
5,14,0.076500
5,61,0.229316
5,64,0.137139
5,71,0.121467
5,76,0.235835
5,324,0.022020
5,524,0.192763
5,546,0.194849
5,889,0.208676
5,976,0.040088
6,5,0.013808
6,68,0.175229
6,144,0.218379
6,260,0.161090
6,286,0.186694
6,307,0.184099
6,536,0.249870
6,690,0.223257
6,728,0.065967
6,882,0.083517
7,2,0.094244
7,116,0.133186
7,372,0.151867
7,439,0.213036
8,40,0.108899
8,176,0.211963
8,182,0.074636
8,210,0.109695
8,322,0.138953
8,347,0.122300
8,467,0.078931
8,474,0.052799
8,514,0.046893
8,554,0.147197
8,586,0.202577
8,608,0.017933
8,795,0.138268
8,994,0.129635
9,40,0.239287
9,149,0.189590
9,203,0.143100
9,384,0.223777
9,403,0.159964
9,523,0.212090
9,564,0.048344
10,66,0.061060
10,280,0.181530
10,322,0.041303
10,350,0.031838
10,385,0.075901
10,419,0.010720
11,103,0.109430
11,352,0.016450
12,2,0.180357
12,18,0.235095
12,36,0.067579
12,224,0.053415
12,331,0.086209
12,496,0.222878
12,571,0.166494
12,1000,0.046080
13,89,0.173523
13,256,0.102596
13,262,0.103054
13,793,0.129938
14,140,0.045408
14,581,0.150925
15,72,0.212938
15,862,0.151626
16,20,0.239298
16,52,0.143475
16,60,0.045556
16,275,0.245993
16,343,0.108104
16,398,0.044037
16,547,0.145576
16,642,0.070510
16,692,0.127243
16,833,0.121367
16,929,0.240663
17,16,0.040247
17,118,0.057942
17,310,0.086620
17,515,0.161025
17,680,0.040411
18,16,0.166301
18,533,0.159192
18,540,0.202738
18,560,0.069482
18,707,0.124344
18,817,0.103435
18,961,0.058780
19,82,0.016810
19,134,0.226402
19,156,0.112359
19,436,0.044085
19,776,0.237397
20,24,0.108475
20,145,0.041485
20,184,0.222556
20,398,0.032122
20,578,0.048928
20,618,0.027055
20,640,0.097681
21,336,0.070734
22,129,0.042426
22,140,0.197957
22,338,0.119274
22,536,0.093886
22,545,0.118552
23,65,0.204147
23,356,0.233602
23,612,0.166395
24,37,0.061660
24,212,0.173102
24,262,0.228141
24,276,0.070030
24,292,0.216606
24,640,0.123103
24,771,0.131429
24,811,0.154094
25,12,0.206215
25,61,0.191402
25,87,0.120939
25,160,0.238328
25,176,0.161857
25,186,0.115439
25,226,0.207927
26,17,0.175355
26,417,0.178530
26,995,0.246915
28,229,0.239060
28,280,0.214305
28,676,0.079436
30,180,0.138982
30,894,0.133464
31,691,0.034824
32,42,0.109367
32,129,0.148412
32,156,0.220376
32,261,0.115609
32,484,0.185139
32,728,0.218623
32,782,0.181754
32,836,0.202173
33,0,0.179569
33,8,0.188012
33,21,0.014582
33,81,0.222647
33,132,0.135997
33,254,0.121197
33,584,0.025647
33,640,0.181221
33,723,0.127346
33,725,0.170243
33,798,0.173692
33,931,0.057893
34,2,0.229992
34,134,0.217812
34,193,0.223604
34,330,0.140548
34,358,0.043407
34,454,0.118083
34,748,0.247447
35,0,0.061728
35,98,0.117046
35,832,0.085776
36,113,0.133518
36,143,0.221561
36,181,0.115534
36,293,0.122208
36,465,0.203596
37,6,0.097638
37,16,0.060765
37,18,0.249788
37,133,0.046865
37,221,0.161317
37,480,0.157924
37,519,0.010143
37,644,0.010211
38,102,0.195604
38,418,0.184560
38,585,0.086603
38,587,0.110254
39,56,0.173799
39,193,0.173335
39,428,0.059263
40,9,0.210741
40,85,0.180141
40,124,0.208890
40,457,0.032692
40,676,0.029617
40,687,0.193361
40,802,0.161097
41,5,0.061325
41,37,0.061251
41,384,0.029455
41,517,0.103318
42,3,0.238518
42,20,0.237411
42,265,0.103565
42,284,0.074612
42,376,0.176121
42,704,0.078168
43,389,0.196448
44,33,0.198128
44,120,0.111390
44,621,0.077717
44,656,0.056552
44,790,0.012716
45,64,0.056038
45,106,0.245977
46,32,0.068573
46,212,0.206734
47,70,0.042749
47,78,0.105554
47,259,0.154242
47,266,0.052451
47,347,0.208805
47,760,0.047855
48,13,0.247105
48,32,0.071720
48,160,0.066064
48,196,0.034393
48,582,0.062659
48,836,0.162332
49,82,0.177042
49,177,0.200745
49,518,0.177098
50,19,0.190706
50,40,0.170685
50,144,0.162023
50,154,0.023546
50,492,0.153572
51,525,0.064482
52,314,0.086507
52,513,0.177960
52,660,0.038185
52,686,0.193017
53,17,0.136270
54,218,0.142939
54,257,0.151117
54,598,0.089120
54,768,0.178717
54,850,0.044331
55,180,0.048805
55,690,0.126478
56,274,0.216454
56,288,0.205184
56,304,0.143641
57,375,0.187359
57,549,0.085842
57,598,0.042480
57,873,0.136852
57,992,0.084577
58,519,0.134340
58,787,0.113403
58,966,0.072122
59,118,0.098854
59,767,0.104324
60,649,0.117248
60,737,0.124215
61,8,0.103079
61,192,0.077030
62,128,0.028783
64,0,0.098738
64,51,0.070941
64,209,0.171228
64,226,0.172297
64,265,0.133345
64,352,0.184866
64,388,0.182984
64,435,0.236741
64,458,0.120567
64,588,0.235639
64,775,0.087174
64,783,0.120504
64,808,0.134115
64,812,0.168725
65,5,0.106440
65,136,0.155354
65,224,0.246761
65,313,0.046095
65,748,0.170824
66,32,0.092516
66,44,0.140010
66,256,0.135474
66,546,0.209017
66,576,0.013588
66,584,0.075810
66,672,0.164315
66,857,0.141073
66,936,0.230283
67,56,0.073987
68,33,0.242821
68,66,0.069216
68,588,0.212554
68,609,0.176566
68,648,0.119380
68,784,0.206104
69,1,0.015300
69,48,0.048580
69,401,0.179668
69,544,0.179878
70,1,0.114793
70,112,0.149781
70,322,0.190410
70,325,0.247968
70,393,0.176963
70,537,0.077083
70,675,0.190927
70,723,0.051083
71,20,0.011021
71,34,0.128966
71,193,0.029180
71,257,0.049139
72,14,0.226792
72,44,0.197918
72,57,0.189203
72,140,0.114742
72,141,0.011522
72,279,0.150349
72,280,0.134435
72,338,0.026044
72,387,0.140565
72,529,0.103536
72,656,0.061798
72,772,0.102585
72,834,0.160447
72,1021,0.168173
73,1,0.180237
73,8,0.139279
73,86,0.077269
73,524,0.205824
73,528,0.099258
73,724,0.174664
73,930,0.084441
74,68,0.012243
74,273,0.034911
74,321,0.135030
74,560,0.196211
74,754,0.062964
74,800,0.023267
75,174,0.026952
76,2,0.048466
76,673,0.183703
76,935,0.081285
77,1,0.022145
77,296,0.124673
77,462,0.119719
77,465,0.134797
77,587,0.117157
78,40,0.046075
78,168,0.078626
78,292,0.210084
78,400,0.176953
78,475,0.148666
78,515,0.173479
78,793,0.089482
79,78,0.023794
79,693,0.246852
79,784,0.140174
80,26,0.010398
80,43,0.215486
80,79,0.017045
80,268,0.100612
80,378,0.127516
80,458,0.148282
80,584,0.187350
81,80,0.173040
81,108,0.138704
81,154,0.018541
81,540,0.039402
81,565,0.243605
82,80,0.055186
82,194,0.094316
82,206,0.157390
82,516,0.155827
84,326,0.142687
84,788,0.238967
85,73,0.095662
85,141,0.211144
85,427,0.243821
88,128,0.072163
88,776,0.070367
89,41,0.111841
89,68,0.205132
89,572,0.225499
90,67,0.068701
90,256,0.192548
90,298,0.176766
91,0,0.118444
91,290,0.073269
92,32,0.169721
92,456,0.037977
94,416,0.060295
95,244,0.037282
95,601,0.141274
96,258,0.011459
96,267,0.052234
96,276,0.153846
96,640,0.113658
96,688,0.029802
96,770,0.174979
96,808,0.100074
97,7,0.210690
97,14,0.039673
97,64,0.243603
97,159,0.017112
97,274,0.029285
98,25,0.128619
98,289,0.194665
98,529,0.234167
99,104,0.070037
99,303,0.096318
99,352,0.194587
100,4,0.129989
100,56,0.189820
100,64,0.171257
100,531,0.173600
100,770,0.191625
101,65,0.018728
101,129,0.065337
101,228,0.063200
102,281,0.145024
102,574,0.166629
103,194,0.157987
103,566,0.099152
103,914,0.063952
104,542,0.066086
105,601,0.166723
106,33,0.049823
106,145,0.188585
106,589,0.048342
106,601,0.021433
107,834,0.168878
108,442,0.039987
108,452,0.237798
109,2,0.126203
109,74,0.159051
109,623,0.229366
109,744,0.014307
110,14,0.152451
112,6,0.183249
112,81,0.129180
112,193,0.022887
112,320,0.115992
112,577,0.134602
112,888,0.195267
113,73,0.025686
114,386,0.116270
114,496,0.244523
114,576,0.122258
116,3,0.088973
116,85,0.117023
118,272,0.188386
118,356,0.059282
119,193,0.051131
119,784,0.099405
119,964,0.235534
120,20,0.241564
120,508,0.071190
120,848,0.026880
121,512,0.039724
121,609,0.136321
121,900,0.048420
123,528,0.134250
124,67,0.035244
124,530,0.211978
124,564,0.098455
125,74,0.111734
127,372,0.088535
128,44,0.181251
128,76,0.148426
128,261,0.219252
128,499,0.191979
128,542,0.210783
128,897,0.177950
129,4,0.103374
129,113,0.234458
129,301,0.155345
129,449,0.096900
129,514,0.139481
129,698,0.119217
130,92,0.106406
130,106,0.067706
130,359,0.029941
130,548,0.111179
130,600,0.123371
130,854,0.079544
131,46,0.035193
131,49,0.061933
131,148,0.202484
131,273,0.136585
131,647,0.170517
131,797,0.217274
132,12,0.068500
132,140,0.180775
132,159,0.073279
132,253,0.101877
132,256,0.029441
132,305,0.120343
132,543,0.065888
133,2,0.200885
133,142,0.127922
133,149,0.010775
133,707,0.073869
134,40,0.169525
134,136,0.112046
134,313,0.054838
134,527,0.241234
134,806,0.042169
135,441,0.201005
135,448,0.237051
135,725,0.051077
136,131,0.155440
136,155,0.025313
136,268,0.093398
136,386,0.080192
136,528,0.132318
136,782,0.208201
137,195,0.210241
137,552,0.184346
137,682,0.089064
137,926,0.202500
138,4,0.161623
138,132,0.020882
138,165,0.019941
138,192,0.046796
138,289,0.194096
138,704,0.024816
139,99,0.134633
139,192,0.232996
139,770,0.062924
140,16,0.059095
140,558,0.031358
140,658,0.177926
141,0,0.179551
141,20,0.128711
141,44,0.072827
141,73,0.180777
141,196,0.100808
141,220,0.058155
141,271,0.065826
141,654,0.114663
142,20,0.122680
142,128,0.216685
144,5,0.244537
144,74,0.116685
144,229,0.018218
144,335,0.135705
144,464,0.017593
144,569,0.190762
144,605,0.151981
144,852,0.207494
145,53,0.089099
145,73,0.065699
145,96,0.138767
145,98,0.113348
145,286,0.106859
145,659,0.246958
145,960,0.242058
146,38,0.214127
146,100,0.218203
146,129,0.084785
146,320,0.045614
148,8,0.249424
148,68,0.163486
148,72,0.122338
148,340,0.233660
149,322,0.175785
149,333,0.205698
149,516,0.139968
149,917,0.147474
150,141,0.048212
151,86,0.236860
152,54,0.207120
152,288,0.047299
152,361,0.019858
152,554,0.092467
152,561,0.036405
152,586,0.033169
153,98,0.134506
153,789,0.015377
154,13,0.144756
154,96,0.215650
154,323,0.134058
154,672,0.171886
155,76,0.186922
155,834,0.177630
156,2,0.015472
159,8,0.056076
159,389,0.171038
160,10,0.093009
160,92,0.025910
160,114,0.043771
160,627,0.231068
160,682,0.063198
160,779,0.101228
160,992,0.150644
161,2,0.050155
161,74,0.016322
161,295,0.175870
161,524,0.192963
161,561,0.181287
161,630,0.028558
162,118,0.151554
162,266,0.232121
162,322,0.233127
162,361,0.113307
162,560,0.131433
162,905,0.209501
163,1,0.230617
163,442,0.154393
164,68,0.183721
164,500,0.134641
164,660,0.127796
165,2,0.048741
165,14,0.244268
165,161,0.147846
165,171,0.075580
165,207,0.137543
166,260,0.177654
166,406,0.170092
167,0,0.033384
167,460,0.141697
168,132,0.156577
168,336,0.170312
168,962,0.128830
170,161,0.147180
170,181,0.151333
170,512,0.115915
171,604,0.046292
171,942,0.130546
172,80,0.185527
172,525,0.017598
172,546,0.022388
172,784,0.135295
173,336,0.086954
173,586,0.018414
174,69,0.068834
174,201,0.035723
176,4,0.101912
177,704,0.142439
177,737,0.153320
178,0,0.156667
178,19,0.234460
178,389,0.195287
179,234,0.133156
179,296,0.126803
180,72,0.166031
180,262,0.177279
180,520,0.107809
181,690,0.126844
184,24,0.125148
184,28,0.180508
184,48,0.138208
184,328,0.076395
184,401,0.155329
184,930,0.077225
185,2,0.178809
185,148,0.137317
185,356,0.235181
186,64,0.066497
186,729,0.109239
187,56,0.153394
187,72,0.197921
187,644,0.230861
188,230,0.173558
188,432,0.207083
190,16,0.136579
190,291,0.065265
191,261,0.044484
191,512,0.225885
192,131,0.070341
192,133,0.166363
192,164,0.011156
192,320,0.076085
192,514,0.216104
192,900,0.076943
193,145,0.238583
193,386,0.131637
193,402,0.039508
194,87,0.109954
194,513,0.178593
196,18,0.114758
196,25,0.035857
196,57,0.193882
196,414,0.033968
196,537,0.115904
196,586,0.092698
196,672,0.081295
197,372,0.191829
197,645,0.091242
198,18,0.089382
198,322,0.023345
198,385,0.147564
200,33,0.126469
200,726,0.058596
200,1002,0.037474
201,32,0.243843
201,48,0.217506
201,436,0.128042
202,4,0.098175
202,368,0.203179
203,11,0.048929
203,48,0.048299
203,522,0.023854
203,934,0.045820
204,0,0.122344
204,201,0.101346
204,490,0.222089
204,720,0.111792
206,555,0.108940
207,36,0.166311
208,257,0.083999
208,320,0.024434
208,546,0.205460
208,644,0.225438
208,932,0.230678
209,164,0.226292
210,72,0.194811
213,216,0.050991
214,114,0.147386
214,261,0.017537
214,731,0.202784
216,21,0.135332
216,225,0.216789
217,785,0.076528
218,557,0.218679
218,797,0.150847
220,386,0.103401
222,10,0.204855
222,596,0.136161
224,92,0.235569
224,226,0.110809
224,538,0.149167
224,652,0.189795
224,704,0.221388
225,20,0.091140
225,25,0.055492
225,260,0.188350
225,397,0.182541
226,70,0.220999
226,81,0.027489
226,249,0.180427
226,904,0.220974
227,688,0.096251
228,291,0.031565
228,387,0.048647
229,265,0.110031
230,148,0.033143
232,550,0.171926
232,1016,0.145027
233,108,0.205131
233,170,0.220766
233,272,0.194646
235,268,0.162449
238,994,0.225166
240,140,0.220819
240,611,0.126753
240,790,0.037137
241,2,0.100596
241,289,0.101829
242,299,0.175019
242,351,0.039217
243,177,0.028437
246,528,0.044392
247,144,0.124634
247,641,0.180061
250,822,0.067125
252,664,0.103832
253,754,0.244211
256,208,0.160904
256,299,0.173488
256,309,0.228086
256,620,0.096976
256,636,0.216211
256,640,0.200627
256,642,0.112930
256,722,0.027643
257,70,0.129671
257,80,0.126129
257,165,0.118176
257,250,0.129918
257,277,0.187782
257,291,0.233882
257,360,0.082029
257,648,0.045087
257,793,0.036404
257,836,0.029277
257,993,0.243394
258,3,0.107963
258,24,0.067218
258,47,0.241158
258,118,0.210034
258,132,0.057539
258,266,0.041076
258,389,0.057114
258,484,0.091389
258,595,0.148163
258,609,0.115664
258,778,0.150562
259,353,0.113891
259,644,0.098369
259,661,0.101756
260,269,0.154032
260,301,0.113073
260,308,0.045709
260,576,0.170847
260,885,0.248896
261,145,0.177536
261,385,0.106658
262,65,0.213827
262,151,0.206687
262,193,0.200412
262,540,0.099820
262,593,0.012306
262,826,0.125147
263,44,0.163374
263,80,0.165159
263,293,0.164775
263,578,0.201768
263,609,0.100567
264,75,0.095841
264,82,0.103480
264,221,0.090234
264,671,0.176461
264,794,0.044775
265,549,0.079966
265,554,0.170046
265,737,0.215048
266,20,0.085528
266,136,0.044594
266,273,0.154540
266,513,0.011341
266,608,0.230999
266,630,0.101669
267,160,0.133968
267,198,0.092669
268,146,0.073392
268,163,0.079840
268,273,0.210076
269,20,0.039854
270,24,0.162309
270,103,0.021687
270,424,0.119931
270,712,0.100436
270,910,0.047409
271,5,0.191405
271,240,0.169834
271,880,0.012767
272,34,0.200771
272,325,0.144619
272,330,0.079277
273,6,0.109734
273,69,0.086947
273,204,0.133502
273,296,0.182597
273,768,0.212091
273,813,0.065655
274,113,0.121602
274,267,0.099606
274,326,0.022010
274,552,0.027724
274,1013,0.058588
275,696,0.145884
276,0,0.209566
276,273,0.111413
276,882,0.211492
276,899,0.080330
278,542,0.053487
278,649,0.095806
279,116,0.234186
279,308,0.151461
280,12,0.098570
280,193,0.121134
281,6,0.160679
281,292,0.236668
281,641,0.107389
282,17,0.022116
282,141,0.116764
282,352,0.153023
282,758,0.189595
282,930,0.217401
283,153,0.041446
284,172,0.035099
284,200,0.169674
284,324,0.210011
285,807,0.149508
286,116,0.168062
287,524,0.245688
288,14,0.014540
288,65,0.231153
288,106,0.056723
288,211,0.242254
288,225,0.135537
288,260,0.076911
288,274,0.182751
289,0,0.151710
289,64,0.210900
289,145,0.210326
289,268,0.168373
289,392,0.185308
290,3,0.164326
290,103,0.093887
290,144,0.138370
290,146,0.169395
290,164,0.087623
290,449,0.218605
290,645,0.116169
291,545,0.230312
291,577,0.076400
291,692,0.238421
292,34,0.038137
292,156,0.109842
293,1,0.210730
293,146,0.241009
293,587,0.089903
294,87,0.136284
294,532,0.138630
296,583,0.206346
296,832,0.233174
298,182,0.169094
298,512,0.068375
299,647,0.235943
300,8,0.153214
300,290,0.040248
300,565,0.069274
300,786,0.222814
301,1,0.057083
301,65,0.049110
301,99,0.210639
301,130,0.154577
302,135,0.159578
302,353,0.211283
302,488,0.171196
302,582,0.103973
302,841,0.219108
303,40,0.170163
304,11,0.037746
304,288,0.010010
304,546,0.172256
304,552,0.160901
305,13,0.119091
305,768,0.147843
306,821,0.017745
307,116,0.094334
307,214,0.215220
307,776,0.099001
308,158,0.168742
309,275,0.148343
309,390,0.024390
310,65,0.188672
311,176,0.077078
312,282,0.116230
312,992,0.052341
314,646,0.032032
316,33,0.225339
316,524,0.248181
316,792,0.152598
316,931,0.017921
317,65,0.175824
317,321,0.126931
319,773,0.146642
320,96,0.224974
320,296,0.114281
320,449,0.058758
320,483,0.125613
320,518,0.075386
320,533,0.237309
320,593,0.068632
320,776,0.238783
321,32,0.124468
321,588,0.040501
321,1006,0.240745
322,391,0.215717
322,552,0.062178
322,657,0.011682
322,683,0.197794
323,79,0.022094
323,145,0.240413
324,32,0.163930
324,177,0.147616
324,273,0.042902
324,385,0.040970
324,528,0.207910
325,577,0.130445
325,784,0.167413
325,786,0.131214
325,902,0.136349
327,594,0.038415
327,771,0.226734
328,32,0.170537
328,131,0.076621
328,675,0.102810
328,934,0.103958
329,512,0.209463
329,844,0.068320
330,490,0.039627
330,768,0.184794
331,580,0.165538
331,937,0.058292
332,496,0.213687
333,553,0.015414
335,388,0.035335
336,67,0.055115
336,108,0.096632
336,356,0.197118
336,512,0.182609
337,20,0.169927
337,66,0.149433
337,229,0.094281
337,512,0.047717
337,629,0.080102
338,27,0.050586
338,88,0.063687
338,117,0.171124
339,184,0.107144
340,147,0.222762
341,853,0.149047
342,5,0.092043
344,3,0.114938
344,94,0.177913
344,144,0.210228
344,568,0.200076
344,777,0.213776
345,58,0.077733
345,153,0.073519
345,220,0.050791
346,97,0.138048
346,790,0.027564
348,26,0.249697
348,164,0.190041
348,268,0.039333
349,0,0.049504
350,6,0.112026
350,218,0.195569
352,681,0.061256
353,244,0.114143
354,8,0.017939
354,117,0.233037
354,898,0.035450
355,160,0.073909
355,647,0.125692
356,21,0.200267
356,537,0.071806
358,16,0.061340
358,496,0.077791
358,640,0.101351
358,869,0.059950
360,528,0.232847
361,193,0.193375
363,112,0.157975
364,452,0.148205
364,528,0.095520
367,168,0.227883
368,67,0.057496
368,97,0.037386
368,166,0.199874
368,682,0.177559
370,16,0.014380
370,306,0.189513
370,322,0.037487
370,928,0.224791
371,738,0.167111
372,296,0.093014
374,242,0.101779
375,79,0.061612
378,418,0.089510
382,568,0.014268
384,11,0.229448
384,146,0.198513
384,162,0.104428
385,642,0.185196
385,783,0.209572
385,896,0.220671
386,42,0.041106
386,76,0.092422
388,138,0.236097
388,192,0.096926
388,208,0.094495
388,704,0.147254
389,1,0.196334
389,13,0.212608
389,196,0.128391
389,230,0.206156
390,2,0.164256
390,544,0.114490
390,928,0.094555
391,20,0.093798
391,103,0.077571
392,45,0.230588
392,149,0.160277
392,258,0.188699
392,788,0.047810
393,178,0.196340
393,514,0.070469
393,608,0.156894
394,0,0.215105
394,155,0.085506
394,264,0.156027
397,952,0.040221
399,50,0.099679
399,487,0.041990
400,24,0.072847
400,138,0.040247
400,268,0.058676
400,965,0.190126
401,386,0.027028
401,416,0.120139
401,553,0.241178
402,193,0.066322
402,210,0.057404
402,554,0.174147
403,33,0.029518
403,283,0.215017
403,517,0.046615
404,256,0.038842
404,266,0.204190
404,433,0.236606
406,610,0.020925
406,788,0.024463
407,162,0.209133
407,920,0.043883
408,539,0.202280
408,550,0.064597
409,361,0.105811
409,515,0.153807
409,590,0.167250
410,260,0.022894
412,331,0.246727
412,388,0.204953
414,8,0.109259
416,114,0.017641
416,176,0.035932
416,310,0.243872
417,37,0.218109
417,68,0.171059
417,609,0.210249
417,620,0.067172
417,886,0.182065
418,394,0.151530
418,407,0.063410
418,816,0.064663
420,22,0.010378
420,471,0.117475
420,514,0.108344
420,598,0.233921
424,167,0.015391
425,9,0.133240
425,384,0.100360
427,128,0.216283
428,74,0.200529
428,104,0.156272
428,640,0.089633
429,132,0.159761
431,260,0.166930
432,104,0.164654
432,146,0.072189
433,296,0.016240
433,414,0.246890
433,443,0.059860
434,440,0.164158
436,274,0.144478
436,521,0.100464
437,740,0.038966
439,4,0.117786
439,820,0.043052
440,13,0.150592
445,802,0.140224
446,176,0.126064
447,544,0.222784
448,92,0.029583
448,219,0.097022
448,551,0.034194
448,724,0.081811
449,25,0.212000
449,165,0.229121
449,266,0.208702
449,297,0.242872
449,358,0.205187
449,432,0.201489
449,1010,0.211551
450,577,0.117693
450,975,0.164103
453,530,0.176542
454,391,0.205782
455,925,0.122370
456,584,0.056472
464,100,0.106373
464,277,0.233356
464,307,0.122130
465,546,0.100827
466,456,0.134223
466,531,0.064661
467,86,0.225824
468,405,0.246603
469,42,0.042879
470,440,0.120035
471,908,0.175392
473,61,0.076964
473,577,0.108227
477,345,0.187584
478,987,0.017501
479,21,0.082944
480,1,0.056235
481,658,0.205165
482,137,0.075968
483,371,0.182263
484,292,0.108070
484,325,0.198418
486,176,0.183350
486,180,0.148494
487,18,0.161905
487,84,0.201663
488,5,0.010066
488,496,0.160671
490,50,0.093144
491,137,0.123246
491,802,0.128130
492,40,0.137109
496,305,0.086452
497,530,0.215902
500,584,0.043120
502,26,0.105794
503,524,0.102859
504,24,0.213145
504,440,0.023472
508,66,0.119651
509,0,0.193728
512,24,0.080199
512,34,0.240861
512,70,0.250000
512,376,0.249782
512,502,0.187988
512,513,0.093948
512,612,0.201180
512,657,0.057760
512,704,0.154176
512,708,0.140278
512,726,0.070406
512,806,0.058388
513,4,0.148150
513,16,0.133302
513,65,0.189448
513,110,0.155925
513,156,0.247512
513,230,0.201628
513,246,0.143147
513,385,0.045201
513,690,0.035682
514,5,0.135708
514,203,0.069112
514,524,0.147190
514,577,0.090248
514,581,0.172890
514,898,0.026648
515,70,0.212714
515,113,0.220303
515,292,0.089697
515,421,0.044896
515,644,0.188578
515,645,0.168854
515,798,0.106668
516,40,0.150407
516,82,0.143309
517,121,0.128588
517,192,0.157480
517,580,0.231959
518,64,0.157342
518,82,0.071532
518,272,0.019519
518,299,0.158971
518,409,0.092437
518,532,0.015800
519,597,0.051134
519,908,0.156574
520,89,0.111723
520,189,0.146425
520,260,0.185289
520,304,0.099754
521,25,0.097755
521,228,0.100306
521,516,0.030785
521,530,0.149948
521,645,0.110360
521,914,0.036594
522,2,0.088063
522,4,0.174440
522,80,0.145356
522,250,0.219249
522,640,0.137646
523,519,0.243889
523,730,0.024458
524,5,0.124083
524,25,0.036432
524,324,0.248123
524,972,0.141884
525,64,0.177689
526,528,0.040537
527,724,0.123996
528,28,0.024243
528,76,0.116826
528,158,0.230314
528,218,0.115483
528,317,0.216043
528,360,0.249322
528,390,0.141833
528,425,0.039828
528,748,0.213118
528,917,0.055662
529,8,0.169443
529,634,0.167505
530,331,0.243566
530,559,0.119828
531,4,0.048243
531,568,0.043404
531,577,0.078000
532,120,0.243511
532,200,0.153510
532,468,0.214530
532,492,0.025093
532,834,0.232150
533,41,0.237855
533,788,0.122000
534,289,0.077735
534,479,0.120460
534,658,0.113398
534,835,0.217873
535,789,0.057671
536,2,0.102344
536,10,0.192207
536,32,0.205414
536,642,0.171457
537,128,0.183180
537,803,0.174008
538,35,0.085357
538,36,0.050436
538,588,0.175130
539,34,0.231025
539,702,0.049783
540,50,0.010916
540,112,0.052313
540,126,0.052756
540,524,0.057533
540,900,0.170386
540,960,0.171869
541,146,0.134196
542,44,0.087617
543,515,0.122072
544,0,0.086998
544,36,0.032474
544,81,0.218905
544,132,0.116829
544,329,0.045466
544,645,0.166491
545,74,0.236076
545,936,0.221764
546,10,0.168623
546,108,0.058939
546,588,0.050883
547,26,0.013858
547,80,0.049699
548,453,0.036180
548,672,0.096686
548,676,0.144672
549,147,0.241321
549,194,0.068919
549,522,0.015727
549,932,0.017210
550,322,0.222681
550,742,0.222724
550,778,0.229174
550,794,0.141376
551,32,0.051418
551,99,0.126892
551,306,0.205461
551,541,0.234786
551,856,0.149935
552,129,0.141738
552,260,0.123221
552,335,0.190801
552,627,0.089755
552,664,0.051390
554,545,0.133111
554,780,0.101302
555,853,0.208760
556,80,0.242089
556,323,0.011147
558,546,0.082333
559,196,0.119096
560,128,0.223709
560,416,0.212448
560,432,0.070085
560,576,0.186139
560,584,0.211494
561,0,0.111511
561,883,0.180035
562,528,0.107410
562,536,0.136312
562,784,0.136134
563,80,0.031968
563,602,0.106885
564,8,0.197711
564,36,0.073549
565,516,0.083886
566,64,0.054392
566,804,0.191590
567,127,0.158961
568,513,0.164883
572,60,0.088555
572,664,0.047016
574,425,0.054245
575,708,0.119248
576,9,0.137963
576,15,0.048983
576,25,0.232185
576,48,0.108174
576,84,0.017485
576,128,0.050148
576,137,0.145615
576,240,0.246503
576,338,0.043662
576,580,0.090057
576,682,0.084188
576,951,0.095038
577,65,0.049088
577,106,0.087316
577,512,0.101100
577,608,0.163930
577,659,0.154555
577,784,0.019044
578,266,0.090425
578,385,0.028771
579,194,0.140567
579,304,0.127869
580,520,0.079089
580,643,0.070652
581,296,0.115437
582,961,0.168067
583,14,0.088139
583,128,0.010399
583,393,0.243447
584,72,0.034209
584,108,0.086410
584,130,0.239324
584,280,0.093825
585,47,0.049698
585,262,0.246517
585,858,0.037946
586,44,0.020052
586,597,0.240629
588,2,0.198467
588,412,0.062894
588,465,0.034351
588,896,0.071095
589,2,0.115003
589,181,0.068323
589,520,0.077822
589,764,0.141815
590,547,0.221753
590,690,0.214396
592,304,0.170912
592,433,0.143826
592,754,0.191880
592,850,0.226479
593,650,0.214811
594,64,0.192327
596,514,0.066148
596,540,0.249590
597,8,0.072708
597,616,0.100010
598,517,0.081881
600,58,0.188925
600,328,0.248040
601,94,0.193915
602,421,0.112866
603,967,0.164000
605,90,0.121312
608,1,0.034592
608,134,0.053651
608,300,0.217207
608,577,0.130806
608,777,0.233434
609,69,0.225529
611,879,0.079880
612,573,0.160994
613,9,0.244096
614,410,0.140572
615,162,0.209361
616,2,0.023154
616,64,0.055509
616,72,0.244071
616,285,0.193650
617,649,0.218771
618,264,0.017761
618,785,0.134425
620,0,0.100105
622,526,0.242720
624,291,0.056355
624,557,0.064857
624,640,0.153267
624,850,0.225161
624,966,0.141875
625,900,0.030345
628,96,0.196476
628,914,0.195062
629,304,0.180016
629,522,0.022465
632,28,0.222056
632,299,0.027193
633,650,0.248719
633,816,0.074780
634,561,0.129946
635,65,0.174956
636,530,0.189624
637,262,0.236715
639,332,0.175530
640,64,0.228826
640,400,0.051095
640,516,0.205680
640,519,0.077879
640,706,0.125651
640,772,0.228605
640,776,0.178764
640,803,0.105834
641,29,0.050425
641,40,0.226598
641,192,0.060415
641,544,0.141608
641,576,0.099466
642,60,0.073157
642,64,0.203608
642,165,0.066600
642,689,0.168139
643,259,0.090545
643,337,0.135311
643,576,0.118692
643,579,0.155649
643,769,0.170105
644,11,0.015224
644,158,0.206609
644,218,0.100556
644,288,0.140031
644,595,0.242728
644,659,0.189108
645,32,0.200389
645,65,0.192088
645,516,0.118775
646,26,0.107620
646,529,0.068614
646,564,0.178547
648,0,0.061317
648,185,0.168683
648,514,0.107692
648,533,0.076334
648,789,0.092356
649,128,0.082351
649,257,0.175216
649,544,0.239030
649,796,0.196764
650,261,0.226553
650,608,0.015197
651,245,0.243818
652,1,0.022900
652,3,0.108390
652,99,0.049252
652,102,0.201049
653,53,0.012779
653,230,0.154482
653,324,0.231152
653,449,0.036383
656,84,0.140804
656,102,0.027529
656,940,0.143564
657,55,0.102011
658,519,0.125543
659,428,0.103824
660,76,0.108081
660,177,0.144186
660,218,0.235859
660,590,0.177767
660,720,0.151513
661,456,0.012674
662,191,0.077863
663,1008,0.102972
664,257,0.188991
664,321,0.145766
664,563,0.143034
665,130,0.074461
665,331,0.038119
668,3,0.048789
668,149,0.095033
669,521,0.203994
670,617,0.073776
672,38,0.056001
672,160,0.109468
672,170,0.165557
672,419,0.137120
672,552,0.027485
674,180,0.122787
674,748,0.100949
674,771,0.033726
675,2,0.128381
675,260,0.041876
678,1,0.061899
678,565,0.115190
680,772,0.094750
682,419,0.248513
684,260,0.224116
685,773,0.093986
686,771,0.115396
687,258,0.202391
688,547,0.245720
688,849,0.082292
690,23,0.148393
690,452,0.142461
696,5,0.044379
696,32,0.131571
696,547,0.129960
697,530,0.185114
697,937,0.029823
698,606,0.062095
702,224,0.051502
704,148,0.102453
704,556,0.099909
705,48,0.073447
705,150,0.049524
705,896,0.215561
706,12,0.068903
706,16,0.224408
706,104,0.199878
706,212,0.241407
706,338,0.070179
706,562,0.078179
706,642,0.141955
706,912,0.182535
707,329,0.133670
707,769,0.126756
708,564,0.094449
708,565,0.216034
708,780,0.108930
709,9,0.014897
710,308,0.229765
710,658,0.240284
711,61,0.146472
712,41,0.249492
712,682,0.106125
712,778,0.151038
714,824,0.203525
714,864,0.107974
715,380,0.020418
715,729,0.140904
717,292,0.041224
718,1021,0.147928
719,304,0.242613
720,208,0.173521
720,534,0.059730
720,628,0.145327
720,706,0.209364
721,65,0.080289
722,260,0.083455
722,576,0.244716
723,422,0.246381
723,652,0.150089
724,634,0.089888
725,281,0.135178
728,128,0.029775
728,588,0.203858
730,38,0.173597
730,212,0.152743
734,140,0.058997
734,180,0.058097
736,516,0.049345
736,628,0.077389
736,806,0.057392
736,969,0.200333
737,194,0.219238
740,0,0.199408
740,37,0.031779
740,58,0.048402
740,960,0.069286
743,88,0.192746
744,480,0.134097
744,680,0.104030
745,545,0.218318
746,24,0.089847
748,44,0.153209
748,840,0.197250
751,716,0.246815
752,105,0.239045
753,261,0.207472
753,704,0.196489
756,268,0.174743
756,771,0.212068
760,312,0.160720
762,538,0.194415
763,658,0.105197
767,550,0.150462
768,2,0.110812
768,4,0.202384
768,32,0.124662
768,33,0.175785
768,180,0.205269
768,277,0.142221
768,291,0.080750
768,578,0.150877
768,744,0.123837
768,806,0.225673
769,22,0.113018
769,403,0.072381
769,632,0.121368
770,52,0.010009
770,66,0.167936
770,516,0.032042
770,946,0.144953
771,282,0.172970
771,671,0.170230
772,89,0.188863
772,787,0.166592
772,930,0.245677
773,97,0.077126
773,112,0.197865
773,262,0.011244
773,264,0.030835
773,584,0.024207
773,945,0.232425
773,947,0.061518
776,0,0.197525
777,8,0.070879
777,32,0.078782
777,55,0.187159
777,578,0.081006
777,658,0.123566
778,450,0.228394
778,520,0.231535
778,528,0.224029
778,548,0.070157
778,570,0.190577
779,530,0.174138
779,680,0.122346
780,40,0.123741
780,352,0.060101
780,520,0.131534
780,914,0.225465
781,257,0.210416
781,944,0.240089
782,376,0.243544
782,519,0.230425
783,0,0.045689
783,132,0.073094
783,336,0.105157
783,438,0.195148
783,793,0.194948
784,152,0.196172
784,259,0.119075
784,267,0.110482
784,405,0.162717
785,330,0.165303
785,521,0.188081
786,37,0.209078
786,168,0.075313
786,334,0.197253
786,485,0.053298
788,81,0.038799
788,217,0.199050
788,240,0.248045
788,314,0.028541
789,586,0.111984
790,280,0.211868
790,303,0.162050
791,240,0.236755
791,396,0.113285
792,452,0.237031
793,406,0.201654
794,289,0.100523
794,464,0.069230
795,257,0.208889
797,139,0.019985
798,53,0.064864
799,72,0.032560
800,2,0.216743
800,24,0.020438
800,117,0.239116
800,128,0.207816
800,499,0.218563
800,708,0.132874
801,45,0.190025
801,136,0.249592
802,584,0.110190
803,611,0.060785
804,786,0.106890
804,930,0.036137
805,314,0.096894
806,395,0.033250
806,403,0.058942
807,20,0.102902
807,62,0.207659
807,672,0.225810
808,112,0.241801
808,128,0.206096
808,303,0.110041
809,101,0.206186
811,236,0.183991
812,394,0.120046
813,881,0.109624
814,723,0.152249
815,70,0.154806
816,85,0.170204
816,159,0.246983
817,68,0.187383
819,28,0.011009
819,32,0.160111
819,289,0.041243
823,841,0.225063
824,62,0.172680
824,198,0.088799
824,344,0.066840
824,392,0.118350
825,648,0.173378
829,402,0.072119
830,80,0.045038
831,161,0.178924
832,145,0.153707
832,166,0.175832
832,182,0.027691
832,304,0.221115
832,358,0.058711
832,578,0.062017
832,1001,0.185824
833,232,0.198549
833,671,0.239972
833,960,0.181710
834,61,0.187714
835,91,0.056855
835,262,0.061707
835,641,0.014910
835,995,0.211398
837,551,0.192598
839,462,0.062470
840,80,0.110848
840,145,0.074968
841,149,0.172444
841,593,0.210603
842,161,0.022118
844,154,0.159475
844,908,0.162086
846,266,0.119856
847,757,0.036285
848,576,0.184056
850,288,0.014204
850,651,0.109081
852,20,0.139162
852,66,0.034542
852,402,0.163685
852,602,0.114585
853,960,0.016672
856,765,0.068195
860,0,0.089176
860,958,0.161642
861,633,0.100184
862,18,0.140714
864,49,0.194524
864,130,0.028946
866,278,0.193053
867,3,0.021584
867,30,0.054303
868,483,0.122879
868,640,0.211235
868,913,0.091229
872,119,0.098404
875,578,0.214912
875,707,0.198811
878,536,0.076855
880,36,0.205671
880,51,0.178800
880,95,0.225494
882,5,0.218890
884,196,0.109076
885,276,0.053675
888,35,0.143066
888,274,0.137423
889,158,0.094232
891,612,0.184070
896,97,0.243278
896,130,0.066478
896,404,0.043804
896,600,0.067059
896,746,0.202374
898,65,0.207352
898,108,0.106244
898,772,0.218293
899,32,0.154569
899,57,0.019278
900,21,0.191231
900,202,0.127051
900,459,0.244864
900,833,0.095261
901,243,0.185172
901,771,0.049610
902,188,0.220931
902,276,0.084479
905,775,0.046089
906,649,0.079084
907,769,0.227610
908,71,0.015321
910,140,0.152011
910,142,0.236703
911,657,0.209039
912,816,0.146346
913,590,0.060722
914,784,0.017291
916,156,0.149708
916,158,0.163995
916,360,0.047214
917,279,0.026383
919,80,0.083806
919,964,0.147834
920,51,0.098466
920,524,0.060408
920,909,0.018393
922,624,0.191668
925,976,0.025655
926,540,0.076083
926,663,0.194943
927,258,0.099810
928,440,0.082689
928,776,0.095064
928,853,0.242141
929,632,0.159348
932,36,0.177478
932,458,0.093182
933,388,0.047063
935,389,0.133842
937,497,0.145711
938,322,0.177140
946,771,0.175357
948,1,0.203840
950,138,0.120122
953,467,0.186672
954,65,0.048831
956,622,0.088682
961,1011,0.012991
962,457,0.115753
962,615,0.203318
965,271,0.233943
965,705,0.145237
968,88,0.146094
968,912,0.148157
972,273,0.247069
976,111,0.184829
979,915,0.036682
981,649,0.132598
982,134,0.116677
984,672,0.123946
986,256,0.140797
988,840,0.150444
990,717,0.045638
992,37,0.184149
992,121,0.136110
992,770,0.092845
993,259,0.151070
993,334,0.017910
995,770,0.228148
1000,544,0.191817
1000,672,0.131912
1009,932,0.108194
1017,777,0.121170
1021,66,0.049008
